{
 "cells": [
  {
   "cell_type": "code",
   "execution_count": 1,
   "id": "57746595",
   "metadata": {},
   "outputs": [],
   "source": [
    "import numpy as np\n",
    "import sys\n",
    "#np.set_printoptions(precision=5, linewidth=200, suppress=True)\n",
    "import psi4\n",
    "from helper_PFCI import PFHamiltonianGenerator\n",
    "from helper_PFCI import Determinant\n",
    "from helper_cqed_rhf import cqed_rhf\n",
    "np.set_printoptions(threshold=sys.maxsize)"
   ]
  },
  {
   "cell_type": "code",
   "execution_count": 2,
   "id": "edea711d",
   "metadata": {},
   "outputs": [
    {
     "name": "stdout",
     "output_type": "stream",
     "text": [
      "\n",
      "Start SCF iterations:\n",
      "\n",
      "Canonical RHF One-electron energy = -122.2743570184695727\n",
      "CQED-RHF One-electron energy      = -122.2743570184695727\n",
      "Nuclear repulsion energy          = 8.8026031303907679\n",
      "Dipole energy                     = 0.0000000000000000\n",
      "SCF Iteration   1: Energy = -75.9800163449004344   dE = -7.59800E+01   dRMS = 5.74391E-13\n",
      "SCF Iteration   2: Energy = -75.9800163449003350   dE =  9.94760E-14   dRMS = 1.52547E-13\n",
      "Total time for SCF iterations: 0.001 seconds \n",
      "\n",
      "QED-RHF   energy: -75.98001634 hartree\n",
      "Psi4  SCF energy: -75.98001634 hartree\n",
      " Completed QED-RHF in 0.3924570083618164 seconds\n",
      " Completed 1HSO Build in 0.00031495094299316406 seconds\n",
      " Completed ERI Build in 0.009588003158569336 seconds \n",
      " Completed 2D build in 0.0027751922607421875 seconds\n",
      " Completed 1G build in 5.888938903808594e-05 seconds\n",
      " Completed determinant list in 0.0017969608306884766 seconds \n",
      " Completed constant offset matrix in 6.103515625e-05 seconds\n",
      " Completed Hamiltonian build in 0.08815407752990723 seconds\n",
      "use unit guess\n",
      "\n",
      "\n",
      "(162, 12)\n",
      "iteration 1 subspace dimension 12\n",
      "[2]\n",
      "root residual norm Eigenvalue Convergence\n",
      "1 1.9821502955294096e-12 -75.98001634490038 Y\n",
      "2 1.983336879948409e-12 -75.98001634490033 Y\n",
      "3 0.15499393119296814 -75.6628787720156 N\n",
      "\n",
      "\n",
      "(162, 13)\n",
      "iteration 2 subspace dimension 13\n",
      "[2]\n",
      "root residual norm Eigenvalue Convergence\n",
      "1 1.9827236120605824e-12 -75.98001634490038 Y\n",
      "2 1.9832093040666037e-12 -75.98001634490035 Y\n",
      "3 0.009297578152509168 -75.68863758886503 N\n",
      "\n",
      "\n",
      "(162, 14)\n",
      "iteration 3 subspace dimension 14\n",
      "[2]\n",
      "root residual norm Eigenvalue Convergence\n",
      "1 1.982978677795264e-12 -75.98001634490039 Y\n",
      "2 1.982723612028278e-12 -75.98001634490038 Y\n",
      "3 0.00026720020154631066 -75.68871170474553 N\n",
      "\n",
      "\n",
      "(162, 15)\n",
      "iteration 4 subspace dimension 15\n",
      "[2]\n",
      "root residual norm Eigenvalue Convergence\n",
      "1 1.9850887590656863e-12 -75.9800163449004 Y\n",
      "2 1.9827236120251764e-12 -75.98001634490038 Y\n",
      "3 1.8917884720724794e-05 -75.68871175333729 N\n",
      "\n",
      "\n",
      "(162, 16)\n",
      "iteration 5 subspace dimension 16\n",
      "[]\n",
      "root residual norm Eigenvalue Convergence\n",
      "1 1.982723612025149e-12 -75.98001634490038 Y\n",
      "2 1.9834109302265775e-12 -75.98001634490033 Y\n",
      "3 8.424051897450488e-07 -75.68871175368106 Y\n",
      "converged!\n",
      "state 0 energy = -75.98001634490038\n",
      "        amplitude       position          most important determinants              number of photon\n",
      "      1.000000000000       000       alpha [0, 1, 2, 3, 4] beta [0, 1, 2, 3, 4]        0 photon\n",
      "state 1 energy = -75.98001634490033\n",
      "        amplitude       position          most important determinants              number of photon\n",
      "     -1.000000000000       081       alpha [0, 1, 2, 3, 4] beta [0, 1, 2, 3, 4]        1 photon\n",
      "state 2 energy = -75.68871175368106\n",
      "        amplitude       position          most important determinants              number of photon\n",
      "     -0.696987613417       001       alpha [0, 1, 2, 3, 4] beta [0, 1, 2, 3, 5]        0 photon\n",
      "      0.696987613417       041       alpha [0, 1, 2, 3, 5] beta [0, 1, 2, 3, 4]        0 photon\n",
      " Completed Davidson iterations in 0.0037047863006591797 seconds\n"
     ]
    }
   ],
   "source": [
    "mol_str = \"\"\"\n",
    "0 1\n",
    "O\n",
    "H 1 1.0\n",
    "H 1 1.0 2 104.0\n",
    "symmetry c1\n",
    "\"\"\"\n",
    "\n",
    "options_dict = {\n",
    "    \"basis\": \"6-31g\",\n",
    "    \"scf_type\": \"pk\",\n",
    "    \"e_convergence\": 1e-10,\n",
    "    \"d_convergence\": 1e-10,\n",
    "}\n",
    "\n",
    "cavity_dict = {\n",
    "    'omega_value' : 0.0,\n",
    "    'lambda_vector' : np.array([0, 0, 0]),\n",
    "    'ci_level' : 'cis',\n",
    "    'ignore_coupling' : False,\n",
    "    'number_of_photons' : 1,\n",
    "    'natural_orbitals' : False,\n",
    "    'nact_orbs' : 0,\n",
    "    'nact_els' : 0\n",
    "}\n",
    "\n",
    "mol = psi4.geometry(mol_str)\n",
    "\n",
    "psi4.set_options(options_dict)\n",
    "psi4.core.set_output_file(\"output.dat\", False)\n",
    "\n",
    "\n",
    "test_pf = PFHamiltonianGenerator(\n",
    "    mol_str,\n",
    "    options_dict,\n",
    "    cavity_dict\n",
    ")\n",
    "\n",
    "e_fci, wavefunctions = np.linalg.eigh(test_pf.H_PF)\n",
    "\n",
    "test_pf.calc1RDMfromCIS(wavefunctions[:, 14])\n",
    "\n",
    "# test traces of different blocks\n",
    "expected_trace_Dij = 9.0\n",
    "expected_trace_Dab = 1.0\n",
    "expected_trace_D1 = 10.0\n",
    "expected_trace_D1_spatial = 10.0\n",
    "\n",
    "trace_Dij = np.trace(test_pf.Dij)\n",
    "trace_Dab = np.trace(test_pf.Dab)\n",
    "trace_D1 = np.trace(test_pf.D1)\n",
    "trace_D1_spatial = np.trace(test_pf.D1_spatial)\n",
    "\n",
    "assert np.isclose(expected_trace_D1, trace_D1)\n",
    "assert np.isclose(expected_trace_D1_spatial, trace_D1_spatial)\n",
    "assert np.isclose(expected_trace_Dab, trace_Dab)\n",
    "assert np.isclose(expected_trace_Dij, trace_Dij)\n",
    "\n",
    "# test trace of K1 D1 against <C|1H|C>\n",
    "e1_test_rdm = np.einsum(\"pq,pq->\", test_pf.Hspin, test_pf.D1)\n",
    "\n",
    "# 1H @ C\n",
    "temp = np.einsum(\"pq,q->p\", test_pf.H_1E, wavefunctions[:, 14])\n",
    "e1_test_wfn = np.dot(wavefunctions[:, 14].T, temp)\n",
    "\n",
    "expected_1e_energy = e1_test_wfn - test_pf.Enuc\n",
    "\n",
    "assert np.isclose(e1_test_rdm, expected_1e_energy)\n",
    "\n"
   ]
  },
  {
   "cell_type": "code",
   "execution_count": 6,
   "id": "7c2b5ed8",
   "metadata": {},
   "outputs": [],
   "source": [
    "eig, vec = np.linalg.eigh(test_pf.D1_spatial)\n",
    "idx = eig.argsort()[::-1]   \n",
    "eigenValues = eig[idx]\n",
    "eigenVectors = vec[:,idx]"
   ]
  },
  {
   "cell_type": "code",
   "execution_count": 8,
   "id": "d721e08e",
   "metadata": {},
   "outputs": [
    {
     "name": "stdout",
     "output_type": "stream",
     "text": [
      "[1.99999997e+00 1.99954097e+00 1.99685785e+00 1.97484888e+00\n",
      " 1.02875233e+00 9.71247674e-01 2.51511229e-02 3.14215124e-03\n",
      " 4.59025293e-04 2.65065755e-08 5.03144689e-16 3.61181360e-17\n",
      " 2.55813082e-18]\n"
     ]
    }
   ],
   "source": [
    "print(eigenValues)"
   ]
  },
  {
   "cell_type": "code",
   "execution_count": 9,
   "id": "baa2f49d",
   "metadata": {},
   "outputs": [
    {
     "name": "stdout",
     "output_type": "stream",
     "text": [
      "[[ 9.99938641e-01  1.10738700e-02  1.91643062e-15  2.47869978e-16\n",
      "   2.88237960e-04  1.14567506e-14  4.77890046e-29 -1.24966900e-28\n",
      "   2.75255115e-16 -1.88785414e-16 -2.53999332e-25 -5.83777075e-27\n",
      "   2.43799889e-25]\n",
      " [ 1.10773270e-02 -9.99763039e-01  2.70720919e-14  4.23422196e-14\n",
      "  -1.87392429e-02 -7.44838850e-13  2.23135299e-27 -2.06018903e-27\n",
      "  -2.48503810e-14 -2.09136603e-18 -5.38185409e-27  2.19313884e-26\n",
      "   4.54846840e-27]\n",
      " [ 7.21188121e-16 -4.23447199e-14  1.66935262e-12 -1.00000000e+00\n",
      "  -1.58074817e-14 -2.21115212e-16 -1.88554624e-13 -3.95487129e-18\n",
      "   5.09265190e-17 -1.39993376e-16 -2.74159862e-17  2.88658820e-17\n",
      "   5.62257882e-18]\n",
      " [-8.06537189e-05 -1.87412859e-02 -1.99591424e-13 -1.50198100e-14\n",
      "   9.99824363e-01  3.97405613e-11 -2.89818208e-27  1.30021952e-26\n",
      "  -4.65838482e-16  1.52271827e-20 -2.85938150e-29  9.75246914e-28\n",
      "   6.60261161e-29]\n",
      " [ 2.23229723e-15 -2.33038546e-14 -1.00000000e+00 -1.66990149e-12\n",
      "  -2.00063126e-13 -1.47821618e-16 -8.52904158e-18  6.52072039e-14\n",
      "  -2.00773765e-16 -1.71958615e-16  1.79665565e-17 -6.18463444e-17\n",
      "   2.87144324e-17]\n",
      " [-5.94015010e-18 -2.19822767e-15  2.72631861e-16  3.73137804e-16\n",
      "   3.95638255e-11 -9.95377904e-01  4.01673449e-14 -9.16427672e-15\n",
      "   8.84375201e-02 -3.14631893e-02  3.00489862e-03 -1.96567496e-02\n",
      "  -4.03535852e-03]\n",
      " [ 6.25353737e-29 -4.18285180e-27  2.16880706e-17 -1.78733729e-13\n",
      "  -1.53402060e-24  3.85939968e-14  9.46662389e-01  3.64453341e-13\n",
      "   1.54995629e-15  5.85130101e-10 -2.23459693e-01 -7.89768484e-02\n",
      "   2.18308829e-01]\n",
      " [ 1.03122033e-29 -1.29037430e-27 -3.31031692e-16 -4.22284215e-14\n",
      "  -3.39208580e-26  8.53381869e-16  2.24020226e-01  4.16049676e-13\n",
      "  -3.04994554e-14 -1.21868700e-09  9.63223028e-01  1.34291992e-01\n",
      "   6.31030742e-02]\n",
      " [-5.08789567e-17 -1.59144758e-14 -1.49884360e-16 -4.10947172e-16\n",
      "  -3.17888133e-12  7.99768018e-02  9.46420689e-15 -3.78279212e-14\n",
      "   6.40259997e-01 -2.69490277e-01  1.05868952e-01 -6.92548979e-01\n",
      "  -1.42174240e-01]\n",
      " [ 1.43131377e-29 -1.71967459e-27 -6.52076544e-14 -1.10800959e-25\n",
      "  -4.43963425e-25  1.11695818e-14  5.83902429e-13 -1.00000000e+00\n",
      "   6.91847412e-14  7.58172268e-14  2.94830300e-13  2.33261014e-13\n",
      "  -4.76474269e-13]\n",
      " [-1.73106285e-16  9.91514690e-15 -5.75119061e-17  2.28341467e-16\n",
      "   2.46760352e-13 -6.20819142e-03 -4.72680695e-15 -9.82626667e-14\n",
      "  -3.98899211e-01 -9.16891084e-01  1.82353390e-03 -1.19287795e-02\n",
      "  -2.44887278e-03]\n",
      " [ 4.87099387e-29  2.25103328e-27  2.14299164e-19  4.36944678e-14\n",
      "   4.96364553e-25 -1.24879038e-14 -2.31614465e-01 -6.29069021e-13\n",
      "   3.30229405e-15  1.21284644e-09  1.83086730e-02 -1.92908028e-01\n",
      "   9.53313183e-01]\n",
      " [-5.52681413e-17 -1.61685286e-14  7.94147258e-17 -3.66707860e-16\n",
      "  -2.09872975e-12  5.28014972e-02 -8.10209758e-15  8.45806695e-14\n",
      "   6.50480869e-01 -2.92738447e-01 -1.03495734e-01  6.77024401e-01\n",
      "   1.38987181e-01]]\n"
     ]
    }
   ],
   "source": [
    "print(eigenVectors)"
   ]
  },
  {
   "cell_type": "code",
   "execution_count": null,
   "id": "cdb08293",
   "metadata": {},
   "outputs": [],
   "source": []
  }
 ],
 "metadata": {
  "kernelspec": {
   "display_name": "Python 3 (ipykernel)",
   "language": "python",
   "name": "python3"
  },
  "language_info": {
   "codemirror_mode": {
    "name": "ipython",
    "version": 3
   },
   "file_extension": ".py",
   "mimetype": "text/x-python",
   "name": "python",
   "nbconvert_exporter": "python",
   "pygments_lexer": "ipython3",
   "version": "3.9.13"
  }
 },
 "nbformat": 4,
 "nbformat_minor": 5
}
